# Indian Ocean near Northwest Australia Biomarker, Geochemistry and SST Data over the last 640 Kyr
#-----------------------------------------------------------------------
#               World Data Service for Paleoclimatology, Boulder
#                                   and
#                      NOAA Paleoclimatology Program
#-----------------------------------------------------------------------
# Template Version 4.0
# Encoding: UTF-8
# NOTE: Please cite original publication, NOAA Landing Page URL, dataset and publication DOIs (where available), and date accessed when using downloaded data.
# If there is no publication information, please cite investigator, study title, NOAA Landing Page URL, and date accessed.
#
# Description/Documentation lines begin with '#' followed by a space
# Data lines have no '#'
#
# NOAA_Landing_Page: https://www.ncei.noaa.gov/access/paleo-search/study/42939
#   Landing_Page_Description: NOAA Landing Page of this file's parent study, which includes all study metadata.
#
# Study_Level_JSON_Metadata: https://www.ncei.noaa.gov/pub/data/metadata/published/paleo/json/noaa-ocean-42939.json
#   Study_Level_JSON_Description: JSON metadata of this data file's parent study, which includes all study metadata.
#
# Data_Type: Paleoceanography
#
# Dataset_DOI:
#
# Science_Keywords: Sea Surface Temperature Reconstruction, Warm Pool, glacial, interglacial
#---------------------------------------
# Resource_Links
#
# Data_Download_Resource: https://www.ncei.noaa.gov/pub/data/paleo/paleocean/indian_ocean/tran2025/tran2025-u1482-bio-sst.txt
#   Data_Download_Description: NOAA Template File; U1482 Biomarker and SST Data
#
#---------------------------------------
# Contribution_Date
#   Date: 2025-07-23
#---------------------------------------
# File_Last_Modified_Date
#   Date: 2025-07-23
#---------------------------------------
# Title
#   Study_Name: Indian Ocean near Northwest Australia Biomarker, Geochemistry and SST Data over the last 640 Kyr
#---------------------------------------
# Investigators
#   Investigators: Tran, T.T.; Tierney, J.E.; Holbourn, A.E; Rattanasriampaipong, R.
#---------------------------------------
# Description_Notes_and_Keywords
#   Description: Provided keywords: Pleistocene paleoclimate
#---------------------------------------
# Publication
#   Authors: Tran, T.T.; Tierney, J.E.; Holbourn, A.E; Rattanasriampaipong, R.
#   Published_Date_or_Year: 
#   Published_Title: 
#   Journal_Name: Paleocenography and Paleoclimatology
#   Volume: 
#   Edition: 
#   Issue: 
#   Pages: 
#   Report_Number: 
#   DOI: 
#   Online_Resource: 
#   Full_Citation: 
#   Abstract: 
#---------------------------------------
# Funding_Agency
#   Funding_Agency_Name: 
#   Grant: 
#---------------------------------------
# Site_Information
#   Site_Name: IODP U1482
#   Location: Indian Ocean
#   Northernmost_Latitude: -15.05533
#   Southernmost_Latitude: -15.05533
#   Easternmost_Longitude: 120.435
#   Westernmost_Longitude: 120.435
#   Elevation_m: -1466
#---------------------------------------
# Data_Collection
#   Collection_Name: U1482Plei_Tran2025
#   First_Year: 640000
#   Last_Year: 1092
#   Time_Unit: calendar year before present
#   Core_Length_m: 34.82
#   Parameter_Keywords: biomarkers, geochemistry, reconstruction
#   Notes: 
#---------------------------------------
# Chronology_Information 
# Chronology: 
#---------------------------------------
# Variables
# PaST_Thesaurus_Download_Resource: https://www.ncei.noaa.gov/access/paleo-search/skos/past-thesaurus.rdf
#   PaST_Thesaurus_Download_Description: Paleoenvironmental Standard Terms (PaST) Thesaurus terms, definitions, and relationships in SKOS format.
#
# Data variables follow that are preceded by "##" in columns one and two.
# Variables list, one per line, shortname-tab-var components: what, material, error, units, seasonality, data type, detail, method, C or N for Character or Numeric data)
#
## site_ID	sample identification,,,,,Paleoceanography,,,C,site name
## sample_depth_cm	depth,,,centimeter,,Paleoceanography,,,N,position of sample within the recovered sediment column
## age_ka	age,,,calendar kiloyear before present,,Paleoceanography,,,N,
## weight_g	weight,sediment,,gram,,Paleoceanography,,,N,sample weight
## uk37	alkenone unsaturation index UK37 prime,,,dimensionless,,Paleoceanography,,gas chromatography,N,
## sst_uk_low	sea surface temperature,alkenone unsaturation index,90% confidence interval lower bound,degree Celsius,,Paleoceanography,,Bayesian hierarchical modeling,N,2.5% confidence interval using BAYSPLINE calibration
## sst_uk_med	sea surface temperature,alkenone unsaturation index,,degree Celsius,,Paleoceanography,,Bayesian hierarchical modeling,N,Median values using BAYSPLINE calibration
## sst_uk_high	sea surface temperature,alkenone unsaturation index,90% confidence interval upper bound,degree Celsius,,Paleoceanography,,Bayesian hierarchical modeling,N,97.5% confidence interval using BAYSPLINE calibration
## C37:3_peak	C37:3 alkenone,,,peak area integral,,Paleoceanography,,gas chromatography,N,C37:3_peak
## C37:2_peak	C37:2 alkenone,,,peak area integral,,Paleoceanography,,gas chromatography,N,C37:2_peak
## uk37_total	alkenone,,,peak area integral,,Paleoceanography,,gas chromatography,N,total alkenone concentrations; micrograms of alkenones per gram of dry sediment
## TEX86	tetraether index of 86 carbon atoms,,,dimensionless,,Paleoceanography,,high-performance liquid chromatography,N,
## sst_tex_low	sea surface temperature,glycerol dialkyl glycerol tetraether index,90% confidence interval lower bound,degree Celsius,,Paleoceanography,,Bayesian hierarchical modeling,N,2.5% confidence interval using BAYSPAR SST calibration
## sst_tex_med	sea surface temperature,glycerol dialkyl glycerol tetraether index,,degree Celsius,,Paleoceanography,,Bayesian hierarchical modeling,N,Median values using BAYSPAR SST calibration
## sst_tex_high	sea surface temperature,glycerol dialkyl glycerol tetraether index,90% confidence interval upper bound,degree Celsius,,Paleoceanography,,Bayesian hierarchical modeling,N,97.5% confidence interval using BAYSPAR SST calibration
## BIT	branched and isoprenoid tetraether index,,,dimensionless,,Paleoceanography,,high-performance liquid chromatography,N,
## MI	methane index,,,dimensionless,,Paleoceanography,,high-performance liquid chromatography,N,
## deltaRI	ring index,,,dimensionless,,Paleoceanography,,high-performance liquid chromatography,N,
## 1302_peak	isoprenoid glycerol dialkyl glycerol tetraether,,,peak area integral,,Paleoceanography,,high-performance liquid chromatography,N,1302_peak
## 1300_peak	isoprenoid glycerol dialkyl glycerol tetraether,,,peak area integral,,Paleoceanography,,high-performance liquid chromatography,N,1300_peak
## 1298_peak	isoprenoid glycerol dialkyl glycerol tetraether,,,peak area integral,,Paleoceanography,,high-performance liquid chromatography,N,1298_peak
## 1296_peak	isoprenoid glycerol dialkyl glycerol tetraether,,,peak area integral,,Paleoceanography,,high-performance liquid chromatography,N,1296_peak
## 1292_peak	isoprenoid glycerol dialkyl glycerol tetraether,,,peak area integral,,Paleoceanography,,high-performance liquid chromatography,N,1292_peak
## 1292_prime_peak	isoprenoid glycerol dialkyl glycerol tetraether,,,peak area integral,,Paleoceanography,,high-performance liquid chromatography,N,1292_prime_peak
## 1050_peak	branched glycerol dialkyl glycerol tetraether,,,peak area integral,,Paleoceanography,,high-performance liquid chromatography,N,1050_peak
## 1050_prime_peak	branched glycerol dialkyl glycerol tetraether,,,peak area integral,,Paleoceanography,,high-performance liquid chromatography,N,1050_prime_peak
## 1036_peak	branched glycerol dialkyl glycerol tetraether,,,peak area integral,,Paleoceanography,,high-performance liquid chromatography,N,1036_peak
## 1036_prime_peak	branched glycerol dialkyl glycerol tetraether,,,peak area integral,,Paleoceanography,,high-performance liquid chromatography,N,1036_prime_peak
## 1022_peak	branched glycerol dialkyl glycerol tetraether,,,peak area integral,,Paleoceanography,,high-performance liquid chromatography,N,1022_peak
#------------------------
# Data:
# Data lines follow (have no #)
# Data line format - tab-delimited text, variable short name as header
# Missing_Values: NaN
site_ID	sample_depth_cm	age_ka	weight_g	uk37	sst_uk_low	sst_uk_med	sst_uk_high	C37:3_peak	C37:2_peak	uk37_total	TEX86	sst_tex_low	sst_tex_med	sst_tex_high	BIT	MI	deltaRI	1302_peak	1300_peak	1298_peak	1296_peak	1292_peak	1292_prime_peak	1050_peak	1050_prime_peak	1036_peak	1036_prime_peak	1022_peak	
U1482	0.07	1.092	17.308	0.980715	25.3322889	29.5739857	35.96302	5080	267884.5	0.259138018	0.714154	23.4533	30.33047	38.80834	0.041668	0.215518	0.094354	1292627	453347	617052	96179	3826917	419406	18267	46836	20090	21941	59259	
U1482	0.13	2.028	20.871	0.972876	25.0049741	29.2026482	35.45198	5146	184576	0.256582954	0.706394	23.30431	29.56014	39.15191	0.056082	0.209108	0.121261	1301248	442314	576821	91642	3805502	395711	40115	64947	13536	27545	79957	
U1482	0.11	2.059	31.071	0.971959	24.9945219	29.1485113	35.48252	6137.333333	216851	0.142369325	0.709089	23.31877	30.03074	38.8787	0.069209	0.219826	0.013773	1235212	382744	511755	75289	3095941	345886	8733	80291	26837	30172	84165	
U1482	0.23	3.588	22.804	0.974411	25.0820967	29.2539823	35.66607	11177	426053	0.315793605	0.713989	23.53736	30.25049	39.1282	0.05228	0.22807	0.053278	2234269	801537	1098069	165091	6250452	737770	66058	100274	38553	36742	103173	
U1482	0.33	5.180	20.81	0.976521	25.1827253	29.3853884	35.65351	7171	302912.5	0.249200364	0.72649	24.49666	30.94813	40.49009	0.068564	0.214695	0.070908	1481606	524353	717811	121471	4541782	527886	72985	92150	35074	34707	106519	
U1482	0.28	5.243	27.855	0.963518	24.7491821	28.7798597	34.89609	10585.33333	283188	0.136278342	0.715584	23.90398	30.46059	38.86909	0.1052	0.213733	0.043506	977621	314107	421528	67155	2651656	301604	57067	100645	32393	31065	90582	
U1482	0.43	6.847	19.463	0.974527	25.0866195	29.2821804	35.56562	6868	258309.5	0.227233321	0.739606	24.7843	32.08252	40.50651	0.051982	0.217821	0.074207	1738910	659237	1007253	171052	6102981	741567	74971	72513	36972	31813	117049	
U1482	0.53	8.900	19.992	0.964497	24.7696591	28.7972093	34.96985	4718	128173	0.202530374	0.733451	25.09258	31.53113	40.96622	0.056111	0.208282	0.134732	1559774	596027	862956	161675	5651114	625702	66763	75512	23647	43967	127604	
U1482	0.48	8.993	37.308	0.971481	24.990417	29.131387	35.43501	6568.666667	219239.3333	0.146919392	0.780587	27.27881	34.59939	44.75555	0.097934	0.172483	0.146338	714974	294500	487085	90117	3722533	485849	75251	104343	46290	42203	146764	
U1482	0.63	10.848	19.101	0.965052	24.7623366	28.8289009	35.06138	7076	198427	0.171038576	0.735702	24.575	31.66187	40.5966	0.061148	0.22209	0.04931	1656944	609511	926341	153779	5498710	657696	67024	81629	38622	39833	128639	
U1482	0.73	12.303	20.77	0.964283	24.743615	28.7765484	34.93562	8683	237109.5	0.197165224	0.724148	24.33663	31.02731	40.05385	0.065253	0.224426	0.035458	1704075	593119	841811	133831	4908851	560528	59353	80394	39767	41742	128295	
U1482	0.67	12.565	25.144	0.960851	24.6533984	28.6495277	34.80344	9862	253136	0.152730541	0.714648	23.33019	30.40837	38.78292	0.076449	0.226471	0.015727	1526685	502115	712937	95538	4027386	449043	46460	83954	40850	41485	120629	
U1482	0.83	14.315	23.612	0.966955	24.8675193	28.9215739	35.24118	15525	464794.5	0.321726709	0.685334	21.82066	28.61037	37.19994	0.075978	0.250527	0.050967	2596131	797029	1049398	133741	5371069	552765	87190	101461	50033	51206	151745	
U1482	0.93	16.092	25.818	0.96051	24.6226534	28.6299257	34.7237	17265	426818.5	0.379665047	0.666592	20.68797	27.37943	35.87641	0.091792	0.230188	0.033188	1930028	545565	675875	91357	4066829	323531	67509	93982	29146	52328	168069	
U1482	0.88	17.343	27.871	0.953058	24.383995	28.2474662	34.31478	21902	444674	0.428928245	0.660151	20.29739	26.79838	35.03052	0.06544	0.249158	0.015109	3333072	1026138	1235968	166411	6727496	590877	100471	123298	49443	47008	150856	
U1482	1.05	17.981	23.153	0.948529	24.2390082	28.0442128	34.10194	34526	636255	0.75798406	0.641417	19.29001	25.62288	33.97336	0.072931	0.238929	0.024485	2806122	761571	869802	125169	5227897	367292	102340	99511	43661	40945	124811	
U1482	1.17	19.869	22.483	0.940805	23.9755453	27.6947793	33.64051	55318	879185	2.152460396	0.624949	17.89733	24.72434	32.47676	0.065331	0.235915	0.056319	3115824	834883	882569	134415	5623663	374187	97522	90162	44099	39828	121472	
U1482	1.03	20.895	27.144	0.939513	23.9114325	27.6276362	33.46172	57718	896506	0.839233317	0.623376	18.1987	24.63231	32.26764	0.068097	0.233917	0.061334	2639858	683846	717738	107778	4801855	302063	91104	78248	37759	32802	115231	
U1482	1.33	22.388	26.832	0.94579	24.1418026	27.902263	34.0323	58354	1022037.5	1.114264331	0.630662	18.71201	24.85328	32.81613	0.051869	0.224659	0.072613	3837094	991123	1063781	165406	7199517	463205	101444	90262	25897	49454	126806	
U1482	1.14	23.601	30.84	0.881146	21.9659199	25.0466871	29.75742	115937	859392	0.883634816	0.627797	18.44148	24.9359	32.48062	0.064471	0.23267	0.049835	3678312	970107	1014776	162789	6624172	458719	134985	101119	47518	39689	133186	
U1482	1.43	24.626	26.586	0.935234	23.7527971	27.3825984	33.31544	77146	1114005	1.115229939	0.628042	18.28094	24.86806	32.20839	0.056374	0.235488	0.068183	4230771	1161485	1230877	194208	7861221	536058	135292	103850	50280	41663	138557	
U1482	1.245	26.184	30.8	0.930418	23.644453	27.1673324	32.89565	76188	1018752	0.773626622	0.627587	18.42507	24.95374	32.24054	0.06893	0.236554	0.046147	3574039	953815	1000223	170553	6420225	436587	141309	98662	49995	40025	145319	
U1482	1.52	26.897	22.545	0.956664	24.5280485	28.4600466	34.54566	39814	878917	1.060881041	0.632254	18.6568	25.15241	32.95071	0.065421	0.229021	0.086188	3012647	820705	884940	139653	5825621	386422	114258	90735	43841	37480	121484	
U1482	1.34	28.521	29.824	0.947489	24.204359	27.9682375	33.99847	60554	1092611	0.829806677	0.6323	18.70848	25.28911	32.48103	0.057905	0.250456	0.014676	4660137	1316595	1431070	220618	8270875	612337	132567	117731	59876	42121	156066	
U1482	1.62	29.420	24.008	0.960071	24.6327641	28.6218809	34.73699	42490	1021649	1.049832551	0.630807	18.8053	25.03103	33.1556	0.059846	0.243808	0.053435	3740185	1065815	1154612	176330	6943626	490121	95712	98792	55004	47230	145263	
U1482	1.44	30.985	31.217	0.962148	24.6674329	28.6541648	34.90812	39126	994523	0.712435753	0.635678	18.98565	25.42741	33.28689	0.063186	0.254202	0.006803	5083841	1473368	1600634	257577	9061893	712563	147453	140418	72367	56913	194052	
U1482	1.72	31.943	25.05	0.963007	24.7219507	28.7431567	34.80465	30480	793456	1.183629976	0.634747	18.6346	25.31551	33.08408	0.061774	0.232976	0.062623	3634162	992504	1079081	166093	6887450	479625	98101	107258	32633	59934	155549	
U1482	1.54	33.451	28.31	0.961395	24.6720098	28.6460418	34.8105	36510	909211	0.849037732	0.643898	19.77132	25.64202	33.85444	0.050737	0.254168	0.013772	4904390	1463402	1621071	257084	9164698	761305	96288	111880	62950	52979	174546	
U1482	1.63	35.663	27.297	0.960526	24.6369392	28.6234506	34.87063	26284	639577	0.692178285	0.640186	19.4341	25.59554	33.51027	0.07088	0.243871	0.007065	3457377	934040	1028864	161041	6113401	471950	100217	106878	56056	47472	155749	
U1482	1.92	36.867	24.955	0.962516	24.7152559	28.7419453	34.98388	31730	814768	0.808643505	0.640711	19.17451	25.73006	33.43262	0.064474	0.243436	0.021468	3795778	1066864	1180634	182333	7012010	539542	92620	113873	58104	55249	163404	
U1482	1.73	38.125	26.26	0.953624	24.4228473	28.3149434	34.38187	44402	913041	0.950631218	0.634943	18.84095	25.46702	33.56219	0.090071	0.24306	0.006084	3152102	849024	924896	141186	5553406	410625	137583	125395	60317	54652	171769	
U1482	1.83	40.585	28.009	0.946944	24.1337495	27.956964	33.98723	60036	1071524	0.976030911	0.623356	18.24534	24.91173	32.59992	0.083803	0.246685	0.001426	3547295	944710	977722	155341	5914532	430457	104044	120779	65905	57898	192367	
U1482	2.08	40.789	21.738	0.952559	24.3422833	28.2514547	34.33958	51074	1025514	1.211926611	0.635015	18.6558	25.24209	33.17596	0.072095	0.237713	0.01942	3352673	885374	966398	151661	6002178	422346	95488	102766	58111	47266	162717	
U1482	1.93	43.045	29.828	0.939434	23.8784814	27.5562331	33.58453	88702	1375844	1.117741579	0.63514	19.28086	25.39994	32.90718	0.088895	0.243813	0.00781	3725254	986170	1071390	172002	6441674	473314	142301	138020	69902	63227	215056	
U1482	2.24	44.711	22.791	0.946861	24.1596578	27.9291563	33.93948	65724	1171105	1.360162504	0.633194	18.81944	25.02366	33.18366	0.08939	0.238884	0.013128	2969157	778996	834652	141430	5223254	368649	102939	104093	60252	54832	190622	
U1482	2.03	45.509	27.406	0.943517	24.0736565	27.807274	33.81454	77678	1297565	1.265493533	0.635268	18.98748	25.15703	32.63524	0.06671	0.248025	0.018831	3404886	967667	1039745	170549	6128143	475128	82697	91982	32649	57387	173313	
U1482	2.13	47.968	30	0.941993	23.9882553	27.7255307	33.67746	99958	1623251	1.253738934	0.634904	19.0232	25.15041	33.24997	0.068858	0.248493	0.00459	3365794	908647	1001420	163954	5957006	441512	84187	99891	34012	56263	165863	
U1482	2.42	49.123	27.505	0.945277	24.0987295	27.8584375	33.83882	91958	1588459	1.646480514	0.635652	18.92903	25.2999	33.31481	0.063376	0.236564	0.038344	4521250	1221794	1321356	218591	8321002	591629	113169	119953	44189	74960	210767	
U1482	2.23	50.435	28.91	0.951056	24.3227209	28.1571646	34.14202	69782	1355962	1.352756658	0.64018	19.23189	25.61357	33.70024	0.063796	0.24481	0.019083	3061629	856726	951798	159726	5766557	445301	74337	82652	30063	49929	157092	
U1482	2.32	52.649	31.968	0.960964	24.6082911	28.6415097	34.82111	49294	1213481	1.01098536	0.66309	20.4824	27.19405	35.06241	0.06132	0.237666	0.010307	3247147	925612	1088547	184163	6502287	549036	110050	94493	28875	46983	144369	
U1482	2.63	54.270	22.486	0.961714	24.6918225	28.7104592	34.84367	44862	1126910	1.191537561	0.654714	20.28586	26.68857	34.08046	0.05312	0.239393	0.062771	2588030	786353	898791	160221	5533567	458570	60271	59641	24441	39507	124515	
U1482	2.42	55.109	32.333	0.961907	24.6530724	28.6699403	34.75121	45638	1152415	0.958447169	0.657268	20.06377	26.62868	35.1295	0.061961	0.23759	0.020625	2940029	827810	963755	164022	5919834	478042	86859	84928	27363	45553	143615	
U1482	2.52	57.569	28.946	0.961989	24.6622197	28.6514785	34.8479	33564	849447	0.706020664	0.667587	21.33529	27.48752	35.63501	0.055152	0.228596	0.05862	2550165	751720	887290	150214	5565619	472177	72277	74225	21685	37830	118853	
U1482	2.79	58.192	22.654	0.961433	24.6192949	28.6537017	34.77629	26502	660660	0.767611128	0.66692	20.65076	27.27091	35.17232	0.059405	0.229212	0.069767	1868923	559967	676563	110785	4231683	339978	68434	57133	20068	29486	92178	
U1482	2.62	60.029	32.744	0.955124	24.4455932	28.2990577	34.29665	43522	926309	0.687652921	0.657148	20.82326	26.75922	34.39091	0.050681	0.239063	0.046928	2763089	812508	960395	158229	5917730	476778	67999	74077	21730	35723	110850	
U1482	2.95	61.455	27.502	0.945965	24.1194203	27.9306422	33.91251	48808	854460	0.820764706	0.656998	20.24875	26.79662	34.93782	0.046283	0.248559	0.009208	3662851	1084710	1281155	211796	7208026	584740	68997	77826	27347	43055	132573	
U1482	2.72	62.492	30.105	0.946508	24.2039397	27.9460079	33.95313	59540	1053526	0.876149198	0.65058	20.02054	26.31008	34.41624	0.071129	0.2307	0.063874	2036296	560617	644390	110977	4243637	313403	73138	67244	22064	36529	122762	
U1482	3.13	64.738	30.625	0.943555	24.0494627	27.7913154	33.78353	88606	1481180	1.150197429	0.644243	19.49701	25.85029	33.90362	0.055709	0.247331	0.049287	3718397	1127750	1244381	215045	7383357	587987	81417	94617	34559	57157	169821	
U1482	2.82	64.971	32.251	0.944725	24.1279657	27.8784935	33.89625	65406	1117872	0.954882806	0.642528	19.25329	25.7972	33.79034	0.079941	0.225652	0.098219	2428070	684289	739111	130407	4971607	360438	116728	84594	28762	44269	157615	
U1482	3.25	66.926	27.743	0.944705	24.0912517	27.8520615	33.8753	53776	918756	0.854450815	0.643831	19.33073	25.80846	33.54925	0.063725	0.227163	0.070239	2106616	569738	638382	111099	4259032	305238	55735	61405	22707	39540	110485	
U1482	2.92	67.442	30.486	0.94592	24.1159292	27.8847951	33.86774	68078	1190763	0.992434706	0.647486	19.5444	25.93522	34.28548	0.082412	0.228782	0.062537	1927801	535465	592287	103542	3974659	296711	78337	71289	21632	40282	142113	
U1482	3.02	69.922	34.481	0.96141	24.6528017	28.5928481	34.7964	41942	1044918	0.839822328	0.662611	20.55163	27.14506	34.86599	0.062569	0.226363	0.082225	2316146	686868	800592	132983	5210554	433283	67699	74367	23389	41107	139542	
U1482	3.12	72.401	32.404	0.976493	25.149528	29.3376619	35.65409	31980	1328470	1.459359247	0.665955	20.63769	27.169	35.49161	0.066933	0.217524	0.11447	1786058	526010	617980	106290	4173103	324387	68165	65090	21179	33253	111670	
U1482	3.22	74.871	33.878	0.983056	25.3911018	29.7073389	36.09385	20588	1194504	0.882937771	0.688094	22.22834	28.71927	37.16971	0.06368	0.219205	0.082251	1732977	541691	662626	121448	4311342	410947	57954	60250	21025	35018	118971	
U1482	3.32	77.344	28.246	0.989105	25.5755666	30.0012056	36.44595	12085	1117274	0.90049896	0.707224	23.13866	29.9377	38.67195	0.042169	0.212585	0.096811	1811329	598223	794814	133001	5135209	517243	44344	51259	15596	26658	88226	
U1482	3.42	79.824	33.347	0.987324	25.488092	29.9181952	36.40321	11338	913859.5	0.571549202	0.710799	23.32077	30.16158	38.86087	0.056888	0.225116	0.039508	2032754	666316	927578	147346	5503945	612222	67149	86426	23511	36019	119566	
U1482	3.52	82.294	25.862	0.976692	25.1937916	29.4092981	35.62864	24602	1030928	1.560977247	0.666914	21.00787	27.21668	35.67599	0.059048	0.23303	0.057684	2725330	819080	987149	149519	5747242	497938	66226	96789	25167	46094	131643	
U1482	3.62	84.776	28.272	0.973928	25.0671479	29.2549641	35.52702	31908	1191939	1.189147715	0.660995	20.46821	26.94779	34.71947	0.076651	0.240263	0.016144	2260873	634325	744682	121775	4451293	397344	53819	85107	29905	45241	150402	
U1482	3.72	87.315	26.747	0.97617	25.1496598	29.3379274	35.72113	23718	971587	1.533117866	0.661213	20.55667	26.88195	35.03148	0.089786	0.225427	0.052918	1298697	365505	420525	68658	2712561	224176	48117	68008	19346	33683	98422	
U1482	3.82	90.405	27.843	0.968246	24.8222398	28.9496319	35.25154	33974	1035941	1.062944358	0.679182	21.93963	28.31275	36.55719	0.059281	0.21148	0.122451	1621750	494697	590854	101630	4071703	354806	54124	61033	19615	28002	93811	
U1482	3.92	93.505	28.767	0.987313	25.5766222	29.8978759	36.2505	14570	1133822	1.380432951	0.688967	22.43903	29.02469	37.30178	0.047025	0.208803	0.125942	1692417	527032	662725	105870	4510565	398829	49224	55609	16285	25890	75566	
U1482	4.02	96.605	28.306	0.991992	25.7282935	30.1332241	36.53129	7265	931180	0.657063593	0.716982	23.81965	30.56452	39.50112	0.055869	0.208339	0.08852	1238732	410414	567393	98003	3808878	396835	49105	48057	15984	25138	81029	
U1482	4.16	100.945	30.37	0.990327	25.6055024	30.072022	36.60045	13841	1420950.5	0.995174409	0.698112	22.24135	29.24492	37.67771	0.056597	0.212258	0.130698	1249929	415860	543417	89892	3565365	328364	31854	50556	17057	24890	89536	
U1482	4.33	106.217	32.318	0.984224	25.431531	29.7481882	36.20106	15586	961236	0.559801324	0.674399	21.43802	27.8009	36.22299	0.109586	0.234076	0.012089	1752903	494839	602639	93365	3631062	354722	62666	139114	29921	53384	165525	
U1482	4.47	110.909	27.058	0.984447	25.3907649	29.7469445	36.11956	10614	671810	0.935641758	0.656614	20.18112	26.7623	34.78181	0.081154	0.236122	0.015419	1803513	513279	580457	88556	3512369	312464	50313	94168	19686	38244	107806	
U1482	4.62	116.648	34.4	0.99041	25.6788509	30.0583861	36.45536	8846	901161	0.521067107	0.714151	23.43262	30.22226	38.59099	0.082589	0.228733	0.015168	2036094	690741	911798	161905	5297520	652012	88180	124146	33653	56051	174872	
U1482	4.77	122.382	38.862	0.99223	25.6915741	30.1289334	36.53563	7128	910298	0.358849558	0.750872	26.00367	32.62462	41.62458	0.090538	0.231503	0.028438	2029443	747376	1172709	209533	6079091	863003	116498	139260	49231	77688	241954	
U1482	15.83	126.504	28.274	0.982778	25.4144474	29.6827567	36.02593	10556	600519.5	0.345838872	0.75234	25.61866	32.5388	41.84649	0.08327	0.2363	0.031134	2136428	831134	1328349	231367	6903056	976381	145198	130305	48662	70470	233014	
U1482	4.92	128.119	35.391	0.987472	25.546377	29.9151216	36.34459	14457	1116262	0.632793699	0.732934	24.81645	31.48685	40.03662	0.082744	0.259464	0.084488	2835759	1077406	1647972	247392	7251401	1027823	151581	142449	53702	81264	240790	
U1482	15.95	130.038	27.122	0.978336	25.2098666	29.4202581	35.82777	20102	907812	0.801592167	0.699101	22.46925	29.50267	37.98606	0.09135	0.266483	0.095672	3283981	1103391	1544692	209690	7119082	829925	141539	156367	61487	85770	274854	
U1482	16.07	133.572	27.684	0.96373	24.7829773	28.778754	34.98613	76830	2041473	2.545686621	0.649707	20.12126	26.13949	34.45161	0.075465	0.279881	0.063147	4961961	1568770	1864082	260185	8716573	785419	132399	151870	56745	86470	284009	
U1482	5.08	134.220	28.825	0.959056	24.5656872	28.543912	34.7029	77276	1810071	1.49811569	0.658609	20.03608	27.046	34.88871	0.080322	0.266358	0.05182	4365243	1334588	1614277	230710	8027976	729690	130864	165218	51175	84169	269713	
U1482	16.21	137.695	31.44	0.949237	24.2428689	28.0581244	34.08037	153126	2863356	2.76604329	0.623024	18.02744	24.50222	32.09899	0.061958	0.286524	0.04499	6871942	2154858	2333022	321374	11068661	906920	124176	160962	60047	97711	288194	
U1482	5.18	137.988	33.997	0.937253	23.8010056	27.4883385	33.34456	164654	2459424	1.601626311	0.622793	18.27308	24.72943	31.9103	0.094635	0.263499	0.038659	4460416	1242855	1321062	190904	7267232	550422	163890	167057	52132	94999	278131	
U1482	16.31	140.640	31.651	0.949322	24.2478838	28.0728809	34.10765	160684	3018439	2.342612182	0.625092	17.9911	24.52603	31.89586	0.075896	0.250851	0.012721	6003381	1640549	1738883	253558	10330026	735199	157384	190483	66018	125787	318462	
U1482	5.33	143.587	32.031	0.95546	24.4646342	28.354588	34.50222	98592	2114967	1.563246973	0.624756	18.30265	24.55351	31.87543	0.085009	0.249841	0.019075	3279957	909134	980647	149970	5850161	422673	118776	116356	39074	68491	195389	
U1482	16.43	144.174	29.436	0.960523	24.5883022	28.6448414	34.83636	102314	2489451	2.824133936	0.627268	18.47386	24.74503	32.87188	0.074353	0.2616	0.012592	4262191	1219521	1310974	203913	7180784	537432	110289	128606	48504	76240	213157	
U1482	16.55	147.708	30.76	0.964569	24.7400028	28.832527	35.05258	79324	2159525	1.566846946	0.642487	19.36447	25.82765	33.67706	0.059943	0.269325	0.037684	5410061	1644488	1829646	300141	9414031	825524	89721	140143	50201	83912	236310	
U1482	5.48	149.368	34.274	0.976092	25.1669533	29.3627628	35.70182	33978	1387224	1.432961465	0.648789	20.13348	26.37615	34.18509	0.068899	0.247941	0.020405	3741068	1033825	1194619	183002	6782272	532159	91242	131969	35165	59725	183772	
U1482	16.67	150.989	30.84	0.970639	24.9800832	29.1119443	35.41877	41628	1376191	1.042650472	0.6491	19.88092	26.17845	33.82605	0.070619	0.253609	0.027629	3997305	1141234	1320889	216120	7307534	616830	98129	133597	45404	71970	210297	
U1482	16.81	154.608	34.051	0.960499	24.6328295	28.6079987	34.78427	62724	1525169	1.452011026	0.631569	19.01386	25.34084	33.17116	0.088487	0.266854	0.058717	3951809	1105033	1218622	179094	6379413	496547	102919	143504	50565	79606	242704	
U1482	16.91	157.163	34.886	0.960521	24.636383	28.6188673	34.80523	76700	1866107	1.323875868	0.63316	18.82733	25.20001	33.36635	0.091059	0.24492	0.035932	5023086	1278204	1402453	206189	8302513	597517	145870	182800	69420	115773	317890	
U1482	17.03	160.193	33.127	0.961433	24.6381528	28.6363694	34.79623	101792	2537594	2.44368143	0.621442	17.75249	24.46805	31.86395	0.087853	0.263782	0.036516	4739841	1315285	1370323	216495	7283069	544986	160301	155602	59051	92259	242402	
U1482	17.14	162.970	30.553	0.95821	24.531842	28.473177	34.65823	101840	2365271.5	2.049829442	0.623862	17.96647	24.61421	32.64574	0.071614	0.263033	0.032316	5516256	1583764	1635956	268868	9310072	712995	121772	157289	96564	80428	266191	
U1482	17.27	166.253	25.998	0.966283	24.8040583	28.900587	35.05577	74756	2142415	1.778479656	0.626702	18.50626	24.75129	32.94255	0.084852	0.249873	0.004363	3791585	1047141	1079580	182810	6437703	495576	107144	127091	76547	66704	219414	
U1482	17.41	169.788	34.453	0.975732	25.1245402	29.3594562	35.69844	54099	2193613.5	1.948051418	0.646904	19.63427	26.15438	34.13347	0.079625	0.253464	0.008791	4909502	1445285	1587426	272985	8948891	787482	128494	162827	99179	87007	296697	
U1482	17.51	172.313	34.342	0.985262	25.4280328	29.8060723	36.17143	49319	3362384.5	1.982954957	0.660448	20.80604	26.96277	35.6113	0.080529	0.239696	0.035417	4509847	1344852	1566505	261933	9278174	787373	143179	153517	69736	118731	327436	
U1482	17.63	175.654	28.918	0.983816	25.4385737	29.7558154	36.12793	27164	1651305	1.45296241	0.649562	19.86253	26.07854	33.68053	0.096832	0.263753	0.056236	4428382	1311768	1473417	228995	7684831	729044	120830	182980	102128	98256	319725	
U1482	17.75	179.099	26.59	0.984947	25.4606449	29.8071988	36.13219	26178	1712931	1.561968653	0.64908	19.86181	26.14921	33.80472	0.121229	0.267537	0.139052	4409465	1171433	1339760	206475	6819944	620505	134114	201912	118593	111051	375158	
U1482	17.87	182.545	24.644	0.97766	25.2249345	29.4591289	35.729	39980	1749608	1.747160819	0.63319	18.79659	25.15887	32.97816	0.127197	0.260568	0.095932	3440083	891505	971164	143994	5270693	423762	149814	173411	89306	81064	274527	
U1482	18.01	186.564	33.937	0.968439	24.8653628	28.9745872	35.25601	82395	2555013.5	2.185006813	0.640992	19.49631	25.66004	33.54458	0.108604	0.251682	0.021123	4592837	1287158	1398716	232361	8009630	667079	182235	215227	116952	103070	358379	
U1482	18.11	188.898	36.34	0.971558	25.0603821	29.1928085	35.35646	102206	3491236	2.288577231	0.642934	19.16887	25.72388	34.03856	0.093563	0.238005	0.045863	5122523	1461926	1579645	270247	9820649	782451	209643	232282	72568	131643	367556	
U1482	18.23	191.055	29.962	0.983329	25.3084121	29.7449925	36.07164	30488	1798346	1.503424879	0.663624	20.52128	27.30556	35.13555	0.091591	0.229385	0.05966	2847905	846475	958614	167197	6081686	544166	125501	152354	69185	65577	200570	
U1482	18.35	193.211	29.368	0.982951	25.3730376	29.7285366	36.0039	36190	2086574	1.823099782	0.664616	20.56944	27.35822	34.9251	0.078255	0.245964	0.027179	3800453	1183026	1396178	243287	7999852	770356	152921	162726	80146	69180	231312	
U1482	18.47	195.367	31.39	0.9846	25.4565693	29.8133307	36.20897	28684	1833879	1.390622419	0.687441	21.9474	28.71501	37.11073	0.068378	0.24016	0.027348	4038934	1333597	1652252	291579	9380171	989275	122346	164545	81925	74929	244733	
U1482	18.61	197.882	31.362	0.986708	25.5703919	29.9108921	36.40844	14508	1076995	0.856567386	0.714614	23.16668	30.35801	39.14272	0.080696	0.236131	0.015121	2867810	1018125	1390437	227276	7595076	931700	124440	155594	76206	75538	234910	
U1482	18.72	199.890	29.556	0.991878	25.6763232	30.150483	36.61268	9743	1194113	0.792918268	0.731759	24.52562	31.22782	39.94741	0.090926	0.209935	0.055558	1550413	521009	769117	120860	4946337	532759	103486	112014	62288	56546	166932	
U1482	18.83	201.953	28.714	0.983288	25.406794	29.6629062	35.94745	19053	1119530.5	1.011476364	0.696635	22.58106	29.22664	38.4417	0.089992	0.213469	0.089073	1953383	613456	799081	118261	5148878	491370	99904	136169	39752	67661	165697	
U1482	18.95	204.204	28.508	0.973126	25.0406045	29.2466314	35.56225	46028	1666723	1.454276727	0.670318	20.85731	27.50514	35.8798	0.069156	0.246428	0.03525	3870974	1258303	1510886	244165	8411407	803368	120504	160682	73627	68464	201638	
U1482	19.06	206.267	25.777	0.968699	24.9059846	29.0347383	35.31733	59810	1850965	1.774140272	0.665734	20.40263	27.03957	35.76296	0.05994	0.24586	0.060002	4209542	1413912	1619638	278587	9241758	917769	107120	150294	74837	65675	191349	
U1482	19.21	209.081	30.004	0.979124	25.2696461	29.4935814	35.77654	40002	1876160	1.483611753	0.68044	21.60702	28.13852	37.06157	0.068676	0.243271	0.026082	4140522	1373398	1640849	281553	9250095	1001974	118591	167752	82387	80148	233221	
U1482	19.31	210.957	29.517	0.981643	25.3365377	29.6665718	36.00666	37650	2013344	1.616265143	0.701783	22.80268	29.75154	38.53776	0.06977	0.221551	0.070839	3256817	1084752	1394607	236405	8620487	921690	115831	152355	87329	77667	213381	
U1482	19.43	213.207	28.231	0.982402	25.3711759	29.6512221	36.03531	27404	1529844	1.389863999	0.712025	23.62318	30.30547	39.01109	0.078076	0.248782	0.03054	3600358	1262926	1718040	299279	8999962	1130647	127087	173361	95643	94418	281577	
U1482	19.55	215.526	27.23	0.980774	25.319235	29.6019719	36.01917	30798	1571078	1.462122378	0.706591	23.39948	29.97247	39.05678	0.089831	0.22549	0.044355	3031461	997863	1346545	219255	7968370	837266	137974	163626	105043	100260	279555	
U1482	19.67	217.868	27.825	0.974163	25.0881571	29.2894329	35.5834	34504	1300945	1.55424854	0.678099	21.65799	28.30161	36.19507	0.113971	0.265284	0.098214	2969199	899510	1137085	179966	5561064	577804	115555	169069	59639	88682	282381	
U1482	19.81	220.600	32.016	0.966373	24.8049666	28.871287	35.08461	61838	1777113	2.081919719	0.644674	19.3665	25.94356	34.27338	0.123447	0.271001	0.077449	3781650	1080320	1234505	193912	6248505	594298	124883	208685	75643	113175	371023	
U1482	19.91	222.551	34.427	0.96901	24.8873669	28.9986217	35.22069	62424	1951928	1.972425533	0.647064	19.74998	25.98181	34.47012	0.095273	0.269166	0.047053	4244802	1293879	1445071	244962	7419731	682135	138579	178409	62082	98853	303416	
U1482	20.03	224.893	29.551	0.960211	24.6049985	28.6162778	34.88226	87006	2099706	2.494737369	0.652547	19.68101	26.76085	34.6066	0.093541	0.25218	0.00992	3735028	1150334	1282481	235204	7295016	672032	123910	168391	67237	103646	304062	
U1482	20.15	227.234	26.751	0.959958	24.6031671	28.5821198	34.67954	95180	2281848	2.189126937	0.661384	20.73619	27.07941	35.49245	0.087222	0.225944	0.074415	3789039	1114573	1234706	234947	8145904	707327	149403	162225	100902	89473	276396	
U1482	20.29	229.966	32.453	0.963298	24.6720266	28.7290723	35.04177	76120	2001941	2.512867288	0.66379	20.3841	26.92974	35.41282	0.093459	0.266516	0.044273	5333627	1720866	1937873	373431	10010779	1086254	209437	208764	87477	135076	391301	
U1482	20.39	231.918	31.764	0.969952	24.9115271	29.0344452	35.2499	75666	2442466	2.751884463	0.668556	20.94896	27.63396	35.69091	0.094745	0.268814	0.048635	4860557	1589098	1828586	372076	9303618	1004702	217639	196449	80392	122777	356469	
U1482	20.51	234.259	26.75	0.973621	25.1272408	29.2749989	35.58318	55746	2062975.5	2.732500465	0.682093	21.856	28.54706	36.79881	0.080168	0.259281	0.021574	4487126	1516746	1846001	356254	9646692	1116980	165116	162543	76344	109980	341304	
U1482	20.63	236.601	26.07	0.981345	25.2710848	29.6057545	35.90022	33654	1793380	2.046802351	0.705872	23.46425	29.79128	38.81332	0.080478	0.25385	0.044844	3710999	1288748	1692206	307806	8573953	1092829	148301	140121	65208	93332	303446	
U1482	20.75	238.984	22.29	0.9862	25.5513439	29.8917232	36.19227	11259	796901	1.147504583	0.731012	24.8029	31.598	40.59071	0.093952	0.240123	0.040174	2241256	778384	1150606	210224	6190482	801955	140714	102831	56192	74221	259519	
U1482	20.89	241.877	29.545	0.982539	25.4276712	29.7256901	36.1244	22812	1282928	0.822020481	0.721246	24.33767	30.99976	39.86929	0.075736	0.265799	0.087753	6681736	2433694	3603733	546021	16345404	2204678	225892	259783	135027	190844	541215	
U1482	20.99	244.123	26.034	0.972747	25.0733234	29.2232944	35.49483	46114	1645531.5	1.951702852	0.675934	21.66183	27.82996	36.56058	0.077387	0.301124	0.161152	6831358	2313841	2971747	428236	11834950	1426214	162729	212594	90336	133790	393245	
U1482	21.11	247.201	23.74	0.958213	24.5665625	28.4875273	34.63657	97610	2238259	3.129892607	0.634363	18.65192	25.14686	33.01613	0.109888	0.287389	0.156628	4634662	1305155	1420047	225632	6447640	589571	122098	177587	78101	108614	335872	
U1482	21.23	250.278	26.491	0.926758	23.5124944	26.9962899	32.76045	216344	2737484	3.519445632	0.620382	17.8776	24.36918	31.80406	0.109201	0.293955	0.143547	6295417	1809662	1889724	313106	9023301	777840	172621	229101	105508	148245	457967	
U1482	21.35	253.356	23.424	0.92496	23.4529829	26.9079773	32.68763	262596	3236832	3.20276681	0.613766	17.59889	24.13933	31.47658	0.096855	0.264948	0.062774	7315717	1934695	1949548	319326	10856476	805564	178804	232683	110493	184830	457459	
U1482	21.49	256.946	32.056	0.925174	23.425132	26.8945224	32.67427	240864	2978137	3.291402255	0.622124	18.15324	24.53185	32.44505	0.09386	0.291618	0.1256	6839380	1998761	2111740	359856	10260495	884242	159691	201571	106758	153424	432836	
U1482	21.59	259.511	29.823	0.931392	23.5890912	27.1985362	33.10372	165001	2230194	3.371418111	0.624977	18.46289	24.82126	32.55937	0.08288	0.277787	0.067932	4220973	1219952	1285525	221525	6563881	526005	91276	108375	58382	85161	249981	
U1482	21.71	262.588	26.648	0.939237	23.9035225	27.5685074	33.54634	139668	2158902	2.990167184	0.649886	19.92801	26.29723	34.28386	0.083791	0.254907	0.007898	3549794	1047511	1196220	203599	6608947	544582	123493	115291	58348	77176	230108	
U1482	21.83	265.666	23.896	0.938181	23.8518114	27.4907205	33.2586	114516	1737929	3.199809023	0.643251	19.50134	25.83862	33.7786	0.073991	0.266713	0.038167	3262546	972412	1097487	175732	5693909	480129	96559	88446	43035	60056	166868	
U1482	21.95	268.805	22.652	0.934276	23.7202413	27.3456175	33.25947	146876	2087865	2.543870045	0.646369	19.32276	26.04771	34.47741	0.077014	0.254693	0.011435	3005844	897803	1039303	167710	5822862	481406	105094	106485	42189	61557	174792	
U1482	22.09	272.634	28.137	0.932607	23.7208724	27.2872072	33.16286	97672	1351611	1.244060494	0.632571	18.59486	25.15539	33.24958	0.094098	0.25535	0.036336	5264562	1437179	1546847	238215	8707455	689211	165054	211006	71609	120071	336725	
U1482	22.19	275.370	29.02	0.933146	23.6494921	27.2658109	33.18753	157716	2201393	2.428382196	0.635113	18.74353	25.21302	33.45551	0.085445	0.265175	0.044576	4762847	1384066	1523156	242473	8187519	695404	139468	171750	63930	101936	292919	
U1482	22.31	278.652	25.189	0.931902	23.6311167	27.2485041	33.1277	203616	2786423	3.799992207	0.639002	19.16377	25.46968	33.27815	0.088312	0.2469	0.019909	2800280	796351	863559	150528	5126699	395534	106726	102816	41932	63203	181927	
U1482	22.43	281.431	24.621	0.958556	24.531275	28.5502153	34.631	91956	2126853	3.409655447	0.661141	20.21175	26.99403	35.23752	0.090216	0.24191	0.027362	2873302	870961	979453	183092	5835751	536773	108716	125195	46291	73511	224975	
U1482	22.55	283.036	21.509	0.967345	24.8381709	28.9124775	35.17556	62870	1862396	3.320588611	0.674008	21.14546	28.058	35.88805	0.073402	0.245667	0.003071	2665036	813223	995592	169527	5558321	516265	79744	102572	36161	55615	166217	
U1482	22.69	284.907	32.062	0.980837	25.3474593	29.5971197	35.90285	31772	1626201	1.998186392	0.705854	22.88974	29.68069	38.45214	0.074528	0.243958	0.019795	3212949	1091973	1443566	249403	7747671	943312	120699	159764	50071	79173	230271	
U1482	22.79	286.244	34.68	0.985619	25.535283	29.8393655	36.27282	33522	2341521	1.370305838	0.716417	23.41358	30.34534	39.39205	0.069894	0.232471	0.003621	4829257	1639725	2259090	379343	12620844	1504007	181793	219781	76134	124665	346043	
U1482	22.91	288.182	28.658	0.979789	25.3160071	29.5186357	35.85077	22118	1072249	1.499016203	0.697573	22.16824	29.29742	37.73042	0.106122	0.229104	0.027227	1804430	578381	732001	128885	4477423	471273	81453	124515	41271	63280	211795	
U1482	23.03	290.499	28.329	0.973311	25.0553634	29.2264992	35.54017	42142	1536847	2.152394542	0.673304	21.33608	27.67033	35.925	0.082198	0.246334	0.005903	2457667	753328	916953	150074	5083899	485544	61096	118475	36363	57751	181625	
U1482	23.14	292.623	31.637	0.959103	24.5658438	28.5475356	34.60336	73788	1730431	1.266765375	0.667616	21.0787	27.31611	35.77368	0.083358	0.227139	0.058615	3080063	904944	1075154	164204	6717915	578284	119799	146281	47903	82345	214587	
U1482	23.29	295.520	34.214	0.966159	24.7647293	28.8752488	35.00006	79710	2275690	2.403909617	0.658744	20.42819	26.86165	34.67952	0.057806	0.263383	0.005472	4338814	1421370	1641523	267539	8479713	834684	102262	110732	45574	69107	192573	
U1482	23.39	297.369	33.374	0.959751	24.5585692	28.5955504	34.68833	100348	2392855	2.3958638	0.665173	20.82546	27.33839	35.4212	0.075021	0.248266	0.007181	4074320	1266371	1463356	255327	8241428	797106	129975	147139	56765	90953	243595	
U1482	23.51	299.510	26.601	0.961327	24.6708702	28.6311336	34.80756	73096	1817005	2.558025308	0.657571	20.4977	26.79421	34.97764	0.07451	0.246675	0.045835	2911499	919987	1036748	190810	6019330	539102	89528	98327	42958	61827	191966	
U1482	23.63	301.650	26.491	0.97021	24.9453086	29.0763912	35.34242	102203	3367787	2.610182801	0.67608	21.38696	27.82777	36.14428	0.079633	0.232201	0.04609	3232332	987822	1187756	216694	7051016	631721	125017	140571	50993	77278	217023	
U1482	23.75	303.791	28.247	0.981459	25.3086117	29.6109201	35.98556	39282	2079410	1.873817393	0.694239	22.33888	28.952	37.52515	0.067517	0.231913	0.044175	4921235	1619014	2030184	378533	12072346	1267308	174300	179265	78940	120411	321186	
U1482	23.85	305.575	28.655	0.982978	25.3880244	29.7279371	36.14447	38396	2217288	3.010505118	0.694011	22.49717	28.92187	38.31003	0.071565	0.258917	0.030904	3822594	1319852	1683771	322524	8532975	987250	110685	138801	57871	88351	262028	
U1482	23.99	308.072	28.32	0.989607	25.6256919	30.018465	36.42686	16678	1588127	2.085179689	0.712088	23.39809	30.21638	38.38607	0.063217	0.249065	0.00342	4001266	1452629	1977990	386610	10280842	1228156	120028	150743	56553	86710	279753	
U1482	24.11	310.291	25.27	0.991159	25.6509194	30.1125679	36.55302	16678	1897734	1.663496632	0.713093	23.72797	30.25301	38.90451	0.059201	0.227586	0.0581	2500459	874560	1199179	217357	7018722	757135	66924	103514	37868	56952	176404	
U1482	24.23	312.529	29.169	0.986914	25.5310469	29.90696	36.27821	18310	1399744	1.427055081	0.710351	23.28297	29.97487	38.71707	0.068484	0.251406	0.017375	3550337	1275548	1728845	323724	8834265	1075656	94210	146987	58381	85139	264773	
U1482	24.35	314.767	27.446	0.977421	25.1694275	29.4014386	35.74859	30097	1303158.5	1.261762728	0.692393	22.26331	28.76714	37.14718	0.067052	0.239305	0.038765	4918653	1666948	2149166	352910	12002294	1250064	150669	209528	69188	121439	311788	
U1482	24.49	317.379	34.186	0.975327	25.102271	29.3061239	35.57619	52288	2066969	2.013536481	0.675675	21.44875	28.03225	35.83927	0.068257	0.273704	0.05242	5116832	1752152	2144072	372213	10192625	1134014	120599	172039	67289	100453	286299	
U1482	24.59	319.244	31.76	0.979851	25.2439599	29.5196876	35.83179	29218	1420862	1.723025946	0.695399	22.56555	28.96888	37.67879	0.072845	0.23568	0.03088	2812470	928594	1191507	210933	6842130	717525	98454	122219	46657	68019	202226	
U1482	24.71	321.482	26.825	0.981014	25.3274802	29.5730439	35.92642	26634	1373161	1.03445187	0.709427	23.16093	30.2794	39.06042	0.07603	0.222599	0.039319	2986326	990116	1283992	224663	7818004	908686	114561	135158	58484	93579	241531	
U1482	24.83	323.370	26.559	0.985715	25.5194487	29.8341854	36.26523	13614	939406	1.389268109	0.721112	23.63375	30.77989	39.60562	0.071904	0.227521	0.036985	2632870	954132	1294793	219790	7124375	873555	109311	111278	49249	68193	216482	
U1482	24.95	325.170	25.433	0.989799	25.6384715	30.0454697	36.48697	12528	1215558	1.786823094	0.727549	24.35377	31.07595	40.35795	0.064194	0.252974	0.041686	3432328	1297223	1877759	334778	9112662	1251553	90121	127923	64182	84188	258688	
U1482	25.01	326.070	28.603	0.988137	25.5636631	29.9320295	36.2772	8792	732321	0.874474313	0.737566	25.05165	31.9279	40.91723	0.086897	0.230928	0.004014	3295127	1175732	1721009	301268	9573781	1271262	145157	170250	86596	136353	382182	
U1482	25.09	327.270	26.207	0.987923	25.5759053	29.9305622	36.39347	10370	848275	1.200144916	0.745079	25.30429	32.33725	42.02435	0.087236	0.243157	0.045726	2832550	1075312	1668053	294170	7989288	1155317	130005	143867	70865	98893	326622	
U1482	25.19	328.865	27.629	0.988237	25.5910502	29.9681493	36.38708	15046	1229099	0.9607964	0.745934	25.73058	32.60573	42.3255	0.107506	0.240585	0.048973	2242178	838241	1302996	245803	6608419	926508	146527	137111	73249	96294	337472	
U1482	25.31	331.376	26.898	0.986939	25.5031874	29.9027888	36.33836	17684	1341821	1.36793761	0.736201	24.56689	31.67345	41.34139	0.060433	0.253879	0.054942	3942055	1552983	2362834	380131	10588045	1553131	104999	132945	70974	94905	293378	
U1482	25.44	334.097	28.597	0.974286	25.1077654	29.2760608	35.48413	47294	1791938	1.523271223	0.68299	21.68025	28.41135	36.52075	0.087677	0.255413	0.02351	5875386	1903316	2483575	367029	12608739	1250046	279533	259232	104723	154136	414108	
U1482	25.54	336.209	30.618	0.964014	24.7285034	28.7537268	34.8875	96004	2571831	2.65441898	0.666143	20.63705	27.30702	35.15711	0.066783	0.278179	0.057174	5494775	1820217	2272088	347862	10509453	1011918	103116	164496	67866	104859	311740	
U1482	25.66	338.924	30.245	0.940017	23.9599438	27.6077918	33.59042	184126	2885513	2.353109699	0.643793	19.54345	25.94195	33.84851	0.098017	0.246524	0.007837	5055214	1392601	1556729	256883	9096155	703310	156564	206011	85882	149105	390900	
U1482	25.78	341.638	27.737	0.935714	23.8028556	27.4314014	33.27157	187707	2732130	2.584180058	0.629882	18.56093	24.76098	32.63591	0.100722	0.25087	0.018068	4896142	1303520	1380670	234511	8230602	606614	175419	189345	83862	139356	359946	
U1482	25.9	344.353	33.007	0.94969	24.2238035	28.0995209	34.09423	145934	2754775	2.711592589	0.633545	19.09662	25.37008	32.91018	0.102343	0.24947	0.0009	3679161	1013744	1078655	197114	6411140	476843	135048	141261	62061	99752	292823	
U1482	26.04	347.520	25.638	0.963785	24.7473808	28.785346	34.94654	74170	1973859	2.078023733	0.64972	20.1646	26.3123	34.38193	0.098255	0.238244	0.025012	3285320	914724	1027241	179924	6507337	485501	130835	136659	66598	104803	275715	
U1482	26.16	350.235	25.184	0.958576	24.5676933	28.5510639	34.68574	74078	1714207	2.593226869	0.643044	19.51019	25.57883	33.57748	0.095101	0.247265	0.018205	2754418	750177	827237	144294	4861421	379889	84254	102829	48415	69696	205723	
U1482	26.28	352.950	28.24	0.944232	24.0368436	27.8060274	33.81882	116192	1967279	1.704509368	0.64021	19.15728	25.8051	33.03318	0.101273	0.241043	0.006731	4114331	1119592	1209207	201565	7385772	581428	140997	182309	70326	117387	321250	
U1482	26.4	355.664	28.094	0.935465	23.7438376	27.3778333	33.20002	124004	1797498	2.562664228	0.633729	18.43192	25.28468	33.10771	0.108162	0.246735	0.026141	3722327	1005836	1065951	182644	6135853	471776	140131	158585	63881	95079	298672	
U1482	26.54	358.832	30.35	0.928111	23.4963639	26.9968305	32.81535	197978	2555950	3.056337022	0.640594	19.15097	25.73309	33.10209	0.097819	0.257024	0.040222	3584670	1003692	1092032	189133	6097025	507784	115611	158561	55576	87015	244308	
U1482	26.64	361.094	30.903	0.938469	23.8877499	27.4896537	33.40561	170704	2603571	2.894915532	0.655676	20.34257	26.82403	34.30319	0.086429	0.25921	0.040878	3479479	1029209	1184046	205222	6341118	570594	110995	132477	49784	79488	227165	
U1482	26.76	363.752	28.83	0.942918	23.995631	27.7466753	33.79081	162790	2689086	3.254860886	0.660033	20.19493	26.9309	35.35117	0.0969	0.247365	0.012874	3037784	883064	1006087	192474	5817710	515875	140612	130321	47167	75810	230312	
U1482	26.88	366.392	26.353	0.957736	24.5514872	28.458787	34.56506	93922	2128325	2.237575062	0.676371	21.44473	27.93028	36.53822	0.08776	0.217053	0.074005	2847989	832078	971905	174513	6544180	592593	122938	138369	84451	69270	214537	
U1482	27	369.032	27.576	0.965394	24.8312646	28.8361185	35.01983	84696	2362724	2.460434613	0.67951	21.41603	28.07257	36.17486	0.084674	0.222281	0.058931	3501552	1044535	1249806	218029	8043506	746810	157868	151873	62805	105053	266485	
U1482	27.14	372.112	29.81	0.957705	24.5823648	28.4964179	34.64398	119804	2712802	2.420720801	0.671228	21.22324	27.4541	35.86421	0.085972	0.222566	0.082662	3872079	1158667	1361138	237220	8863213	767199	170049	167579	68868	121079	306080	
U1482	27.24	374.312	32.005	0.968173	24.8763341	28.9754689	35.17452	91232	2775260	2.234873106	0.676203	21.43381	28.16669	36.31102	0.091773	0.218801	0.087204	3287414	984209	1154528	217234	7728046	683615	138674	163743	69406	108493	300579	
U1482	27.36	376.988	30.494	0.978854	25.2862016	29.5234518	35.93817	41792	1934597	1.740210217	0.691252	21.87527	28.86287	37.77199	0.079579	0.21472	0.077253	3414634	1051521	1275307	230454	8504094	848475	125275	156505	99144	89041	265292	
U1482	27.48	379.712	27.68	0.977092	25.2210654	29.4047028	35.82325	49648	2117669	2.740411052	0.686264	22.1968	28.59883	36.7682	0.059815	0.260997	0.003271	4614456	1646038	2090186	347909	10401618	1162433	113312	152760	54998	87226	253465	
U1482	27.59	382.210	23.699	0.981867	25.3313408	29.6400106	35.92965	32210	1744075	2.751659277	0.689927	21.72081	28.60433	37.28771	0.052325	0.238477	0.035008	3627788	1216343	1516726	260471	8629998	929218	80594	109778	40435	61456	184230	
U1482	27.74	385.615	29.996	0.967379	24.8259113	28.9165096	35.17884	62862	1864177	2.488965995	0.675458	21.67919	27.9961	36.3051	0.079669	0.25608	0.000437	3902425	1303155	1570900	275103	8282166	866212	132920	173206	57220	89121	264481	
U1482	27.84	387.886	27.919	0.961896	24.666838	28.6572	34.87243	76672	1935516	2.736772338	0.676931	21.60787	28.03528	36.69422	0.068871	0.247857	0.054177	4169192	1458629	1729957	317594	9631042	1008736	139384	153679	58994	85604	274700	
U1482	27.96	390.891	23.663	0.966622	24.8418707	28.9571022	35.16398	42770	1238596	1.582499909	0.690198	22.33177	28.78977	37.18723	0.070872	0.227869	0.054412	3830637	1231953	1541787	255908	9318958	946939	114381	154710	63477	104127	274133	
U1482	28.08	393.919	25.477	0.971045	25.0176396	29.1191027	35.34312	31190	1046013	1.286791377	0.70305	22.8846	29.37363	37.96502	0.065449	0.231983	0.042394	2947528	1013179	1321184	218505	7592606	859081	102738	123498	44969	67571	192956	
U1482	28.19	396.694	27.662	0.979449	25.2273274	29.4941893	35.91577	9602	457626	0.641681916	0.718896	23.70342	30.68731	38.99683	0.077804	0.221032	0.045616	1407625	473661	652039	111747	4062222	464692	63460	82100	27404	40714	125320	
U1482	28.34	400.479	32.02	0.984522	25.4742162	29.7991803	36.2055	11128	707834	0.916470573	0.738026	25.02741	31.78598	40.98173	0.064083	0.253194	0.038125	3832292	1528356	2302052	414126	10957332	1646763	142372	159284	66053	91984	283191	
U1482	28.44	403.002	30.208	0.985472	25.4467266	29.7971578	36.16062	10937	742787	0.751231307	0.749489	25.8278	32.68491	41.83435	0.072882	0.230726	0.016043	2612613	992862	1516819	270613	7877686	1119160	93505	131121	53876	85951	263756	
U1482	28.56	406.030	29.455	0.98685	25.5374937	29.9538495	36.24956	8672	631744.5	0.407214366	0.760538	26.43325	33.30127	42.31534	0.085974	0.225168	0.041035	3146306	1161777	1870677	316280	10226032	1490615	168731	211275	79614	136591	389304	
U1482	28.68	409.058	31.323	0.978707	25.3149483	29.5120215	35.81701	12510	575008	0.58390801	0.818576	29.56341	37.15855	46.72415	0.09929	0.183209	0.037485	1485949	691642	1357289	263041	8455367	1448291	146724	193246	79573	127551	397985	
U1482	28.79	411.833	34.077	0.980776	25.3451747	29.6025922	35.8885	15634	797629	0.768980118	0.734644	24.78262	31.61594	40.96861	0.077509	0.273518	0.099573	5327624	2181917	3321222	551831	13256883	2249367	199145	224224	112537	153897	485800	
U1482	28.94	415.618	34.368	0.970565	24.9273904	29.1126871	35.34348	25340	835547	0.729468891	0.716034	23.64485	30.42641	39.21013	0.08917	0.264682	0.086405	4309278	1559693	2195391	347400	10007127	1390041	156970	190064	87096	125005	420562	
U1482	29.05	418.393	30.422	0.9725	25.0129547	29.196083	35.48404	38148	1367151.5	0.773144468	0.719857	23.84498	30.91798	39.37463	0.083632	0.246982	0.055235	5929515	2057562	2899107	449267	14543257	1938746	227110	253107	115569	188853	542639	
U1482	29.16	421.169	32.063	0.977019	25.1615168	29.4166488	35.77817	25410	1080310	1.08573098	0.696976	22.83901	29.14748	37.62574	0.097435	0.282096	0.111355	5180880	1848007	2475670	383170	10586696	1391705	226110	218314	100498	146740	451211	
U1482	29.28	424.213	29.001	0.977943	25.2068284	29.4784604	35.78054	26530	1176287	1.245152033	0.698406	22.54244	29.26396	37.28549	0.071838	0.268078	0.06762	5263077	1841134	2508303	379292	11534680	1375958	137909	194457	86040	119632	354722	
U1482	29.4	427.278	25.405	0.951692	24.3327221	28.174446	34.30214	55396	1091326	1.098613885	0.67207	21.31514	27.61237	35.78404	0.091237	0.25329	0.014647	4527892	1410113	1779170	256525	9304146	854237	148952	184015	130780	115157	355204	
U1482	29.54	430.855	32.288	0.921859	23.3417826	26.7591829	32.46245	153950	1816194	2.05535852	0.642684	19.78816	25.85293	34.16174	0.102735	0.252342	0.011612	4965042	1444064	1559201	262990	8640101	726536	159166	223403	88055	134843	386255	
U1482	29.64	433.409	31.13	0.937635	23.8800454	27.5383386	33.42008	124228	1867726	1.712142467	0.627866	18.59154	25.09549	32.75111	0.09508	0.280816	0.086884	5690408	1641467	1785434	271921	8760730	712137	181703	214743	76616	117675	329751	
U1482	29.76	436.475	30.048	0.946722	24.1543108	27.951103	33.95335	109760	1950382	1.967698552	0.635366	18.9744	25.34887	33.66177	0.107637	0.277859	0.085688	4725828	1374666	1510722	243436	7490492	641164	175913	186341	74810	119240	347202	
U1482	29.88	439.540	29.179	0.960468	24.5885379	28.5710329	34.69744	92786	2254313	1.772932598	0.641434	18.90797	25.49695	33.74833	0.09462	0.254324	0.034893	5742983	1588214	1772259	282793	9895943	786079	153965	206604	94148	157419	422078	
U1482	30	442.522	28.125	0.958298	24.5292387	28.4822436	34.64091	82332	1891976	2.241246002	0.632436	18.88784	25.25976	33.65679	0.07931	0.262976	0.004033	4707613	1391863	1516390	248206	8216097	630266	104844	139718	66889	99507	296794	
U1482	30.14	445.993	31.437	0.952907	24.3741292	28.2654477	34.38871	95700	1936460	1.909669143	0.633686	18.94429	25.36059	33.12278	0.094743	0.259373	0.028582	4096565	1144662	1244386	189836	6647328	509351	109712	154054	62165	100591	282187	
U1482	30.24	448.529	34.394	0.942161	24.0368373	27.6994145	33.6418	140234	2284313	1.517460258	0.636755	19.40301	25.58362	33.4227	0.090551	0.250958	0.011345	6565758	1828338	1977925	320862	11412125	906220	169194	237309	104286	176869	448616	
U1482	30.36	452.124	28.808	0.957595	24.5583416	28.4950157	34.65217	81998	1851701	1.952268629	0.64157	19.30527	25.93779	33.50424	0.097931	0.259535	0.038392	3609975	1017990	1148761	186615	6227503	486768	102201	128761	65154	94354	285608	
U1482	30.48	455.718	30.728	0.967646	24.914891	28.9490228	35.23925	100130	2994699	2.187728688	0.639602	19.06005	25.50474	33.36644	0.120842	0.256659	0.037557	4099543	1139187	1232975	227832	6969224	560916	164690	178010	78465	127077	409695	
U1482	30.59	459.013	30.419	0.972919	25.0741452	29.1941618	35.50432	67946	2441067	2.368886098	0.650575	19.73008	26.37884	34.57631	0.07846	0.273742	0.060647	5266559	1619497	1863450	311705	9227402	840099	119853	158583	71826	104184	331178	
U1482	30.74	463.506	34.06	0.967959	24.8633548	28.9504444	35.26835	46948	1418280	1.579607302	0.644701	19.69034	25.89436	33.5994	0.097117	0.2462	0.017537	3544769	1016281	1126874	176116	6351148	516894	129678	155650	55086	88435	254275	
U1482	30.84	466.501	33.173	0.973753	25.0417294	29.250416	35.45052	47392	1758237	1.768240344	0.647678	19.80743	26.30592	34.92493	0.092791	0.260939	0.035782	4131277	1227222	1375454	216040	7318945	664523	143625	178533	68451	95662	262326	
U1482	30.94	469.497	35.742	0.974005	25.0629829	29.2683838	35.43417	42552	1594370	1.124734193	0.665939	20.58271	27.08703	35.08325	0.094223	0.236612	0.017801	3890251	1141026	1331469	218262	7956384	724860	155570	178772	109303	96947	287063	
U1482	31.03	472.192	22.157	0.973763	25.1093238	29.2659289	35.57363	40588	1506390	2.483775473	0.660735	20.43802	26.94904	35.16074	0.077531	0.2495	0.003324	2698775	816069	958743	159105	5345761	471484	85146	95518	39015	55972	173643	
U1482	31.11	474.589	26.558	0.98305	25.3946656	29.6678721	36.02628	22790	1321734	1.994624003	0.678677	21.41666	28.06771	35.88352	0.076545	0.249614	9.44E-05	2994309	972170	1181308	204599	6421389	667442	100526	117721	45135	68725	200157	
U1482	31.19	476.985	29.539	0.980668	25.3192879	29.6239947	35.97515	43326	2197797	2.333024862	0.670159	20.76361	27.63126	35.68761	0.070011	0.260287	0.022221	4180043	1365338	1621659	270965	8377432	881416	91750	144605	58577	89523	246215	
U1482	31.27	479.381	29.241	0.978971	25.1945759	29.5270262	35.89625	44272	2061056	2.469581924	0.677297	21.44093	27.77364	36.12977	0.070585	0.250227	0.01806	3685370	1221221	1508138	248070	8114555	806919	89687	137125	57904	81560	249990	
U1482	31.37	482.376	35.157	0.991565	25.6575616	30.1309262	36.70388	13952	1643058	1.63626762	0.714687	23.69433	30.37164	38.90191	0.085218	0.252927	0.063368	4251491	1463867	2017623	355076	10037894	1294181	146830	208077	81550	122053	376592	
U1482	31.43	484.174	24.774	0.992174	25.7445982	30.1458775	36.65239	13796	1688370.5	1.627723242	0.712577	23.85286	30.28081	39.14535	0.089285	0.231958	0.016189	2168500	689233	950978	160819	5366491	596948	77046	115828	47752	67813	217680	
U1482	31.51	486.570	27.647	0.993	25.7711866	30.2183513	36.61956	8640	1225587	1.589238607	0.705219	22.78565	29.61486	38.43664	0.114598	0.238832	0.068196	2312357	686679	927978	151883	4896995	567674	101169	142991	56547	86080	261330	
U1482	31.59	488.966	26.741	0.987889	25.5537503	29.9518037	36.36436	14324	1168392	1.916647724	0.696561	22.87829	29.28544	38.20877	0.078122	0.254752	0.054432	3359166	1104116	1462127	225048	7318229	847387	102240	140854	54182	87687	235202	
U1482	31.68	491.662	31.5	0.983634	25.4372651	29.775991	36.23083	39494	2373617	2.577440899	0.678867	21.29779	28.03516	36.60062	0.084281	0.274724	0.07607	5423235	1832758	2274382	368077	10582709	1231947	167254	229629	85908	130025	361198	
U1482	31.77	494.358	32.66	0.976853	25.2030146	29.4504101	35.75935	54002	2279005	2.52036383	0.657875	20.09641	26.63132	35.05383	0.084187	0.280688	0.109219	4855775	1501078	1736386	295131	8125457	855193	112603	168258	67905	101592	301277	
U1482	31.83	496.155	23.216	0.972989	25.0320797	29.2295212	35.59311	40934	1474535	2.284198851	0.671036	21.10349	27.73962	35.69071	0.092471	0.252943	0.031801	2832739	866131	1032653	180199	5586251	553926	85535	120953	51501	77354	233856	
U1482	31.91	498.551	28.093	0.979607	25.2543867	29.5563101	35.93268	27084	1301049	1.763435559	0.681431	21.5771	27.9598	36.67905	0.099575	0.267201	0.105179	2833636	882748	1099355	178418	5314782	610462	82110	141752	52167	80384	231334	
U1482	31.99	500.947	24.142	0.986579	25.5609598	29.9242977	36.24777	16633	1223418	1.902449213	0.694736	22.45959	29.26974	37.29804	0.080963	0.253353	0.05589	3133709	1013345	1322472	209036	6725139	774718	95326	135573	50939	80171	230449	
U1482	32.07	503.344	30.19	0.984217	25.3865118	29.7306383	36.09899	31904	1989560	2.109766003	0.688865	21.76423	28.66624	37.06607	0.074761	0.249186	0.024034	3461235	1127254	1429887	224047	7538075	841845	80287	144468	52968	84985	246382	
U1482	32.17	506.339	28.882	0.987618	25.5737663	29.9406806	36.34698	19120	1525817.5	1.923297021	0.691834	22.25756	28.99499	37.39494	0.10627	0.264991	0.083428	3920956	1296054	1667021	271805	8001823	970817	152544	215744	77663	120091	385420	
U1482	32.23	508.136	23.26	0.985414	25.4557365	29.826956	36.25955	26096	1763021	2.623224396	0.674641	21.18265	27.85416	36.0459	0.108943	0.259779	0.072914	3667791	1105276	1370980	220126	6982435	700714	174639	183021	67232	109712	319086	
U1482	32.31	510.532	25.3	0.977914	25.1898748	29.440671	35.84846	44724	1980247	2.292864002	0.657239	20.14302	26.78332	34.41026	0.114857	0.274133	0.081868	4655017	1446430	1648672	280727	8094622	844114	182189	221106	97155	140519	409396	
U1482	32.37	512.447	30.844	0.979869	25.3048231	29.531216	35.88086	45984	2238288	2.480402877	0.657029	19.97765	26.63311	34.87001	0.105394	0.290913	0.116601	5540211	1803488	2077055	340479	9251157	1037402	152788	227571	106801	154786	447940	
U1482	32.43	514.884	25.423	0.974901	25.1297913	29.3333562	35.68102	51074	1983789	2.32937846	0.658743	20.65215	26.97116	34.85352	0.111658	0.273518	0.098824	5263525	1606747	1840178	296165	8976660	965229	177745	243009	107084	152289	448174	
U1482	32.49	517.322	25.737	0.973535	25.0715552	29.2463848	35.49514	42082	1548024	2.048694198	0.656514	19.91648	26.57096	34.97206	0.096215	0.268495	0.066019	4584953	1397435	1623709	256089	8137547	791152	118384	177588	83376	124330	362628	
U1482	32.57	520.572	31.242	0.97302	25.0752868	29.2184445	35.47744	61776	2227921	1.845068326	0.654287	19.7988	26.43922	34.56583	0.102223	0.283501	0.077713	6363887	2105098	2342896	402582	11020419	1238570	177998	252449	121825	175205	527333	
U1482	32.61	522.197	27.382	0.979161	25.2783947	29.4936009	35.79831	37382	1756425	2.097112682	0.656464	20.36252	26.71088	34.57878	0.098114	0.270427	0.08505	5114001	1546180	1767489	284352	8804169	902763	148800	193368	88969	133847	392804	
U1482	32.67	524.634	31.202	0.984783	25.4249022	29.8047637	36.16088	29906	1935419	1.635554027	0.672522	20.76783	27.69783	35.47493	0.106341	0.280008	0.100134	5527325	1839505	2192267	358859	10063211	1226552	206551	229819	108943	160570	491593	
U1482	32.73	527.072	23.488	0.982086	25.3530494	29.6356555	36.01225	25982	1424420	2.223714272	0.671797	21.4656	27.72227	35.67127	0.096182	0.274194	0.100797	5457663	1739436	2102555	324308	9708619	1089208	167145	211212	88375	134832	431325	
U1482	32.79	529.509	30.411	0.983056	25.374139	29.711152	36.09494	29132	1690154	1.494717628	0.728918	24.29862	31.05747	39.75441	0.13612	0.217906	0.03745	1984159	677355	956945	174655	5971857	719528	128424	182205	83081	124689	415144	
U1482	32.87	532.759	27.843	0.984098	25.3871878	29.7455028	36.16376	29158	1804448	2.077870233	0.667012	20.77512	27.44752	35.69141	0.105517	0.292573	0.17808	5282990	1624520	1954201	320531	8448852	979361	140776	182983	96481	142009	434415	
U1482	32.91	534.384	29.027	0.98644	25.4745438	29.8725846	36.23873	29118	2118183	1.960231167	0.662322	20.55179	26.73559	35.63065	0.106655	0.287315	0.132739	6205867	1974666	2282038	385061	10307864	1206011	189984	231617	114545	167904	526589	
U1482	32.97	536.822	32.267	0.98205	25.3147502	29.6791844	35.94497	36470	1995283	1.937610045	0.660029	20.46588	26.67782	34.94132	0.098199	0.282151	0.132677	6727500	2039892	2405884	376297	11090212	1178122	193028	245869	107073	169293	492380	
U1482	33.03	539.639	29.398	0.978965	25.2337646	29.5157116	35.80755	56646	2636312	2.173891557	0.649728	19.91522	26.25567	33.70548	0.107691	0.287982	0.118279	6078989	1886093	2139490	348107	9802742	1010962	200053	259679	102879	161745	458720	
U1482	33.09	542.810	30.94	0.969563	24.9505529	29.077162	35.33316	71572	2279876	1.909343152	0.623682	18.36862	24.64849	32.14343	0.117737	0.283283	0.101738	6603200	1888284	1972842	322936	9752119	833730	210249	258996	117896	178087	536182	
U1482	33.17	547.039	27.288	0.97856	25.2143316	29.5047816	35.89622	48748	2224912	1.960417341	0.68128	21.63885	28.25843	35.87413	0.144653	0.226427	0.039304	2673222	796356	951174	182956	6027264	568118	142822	195658	94667	145475	440686	
U1482	33.23	550.210	27.274	0.973094	25.0463536	29.2074719	35.56158	55326	2000955	2.229335507	0.622827	18.44439	24.20087	32.28714	0.114301	0.275513	0.094907	6661600	1838652	1875263	324749	9450740	817362	187941	223900	110756	162841	548987	
U1482	33.29	553.381	29.485	0.974901	25.0870031	29.3067493	35.63245	62240	2417491	2.296372869	0.620682	18.20339	24.56009	31.72868	0.151615	0.273265	0.108151	4841612	1298729	1283739	244135	6919953	597252	183203	203268	117898	165831	566463	
U1482	33.37	557.610	28.963	0.972785	25.0799194	29.2045025	35.43629	54802	1958881	2.164518022	0.615194	17.29376	23.86833	31.80976	0.135936	0.283728	0.099371	4830278	1360867	1362216	239425	6904871	573998	177931	183622	104424	150302	470010	
U1482	33.41	559.724	30.058	0.975886	25.1581055	29.3860404	35.7478	57042	2308517	2.190608854	0.63065	18.91743	24.91651	33.02395	0.118079	0.2756	0.077298	5166797	1509211	1569621	267356	8055359	739938	151359	194286	102419	151949	478503	
U1482	33.47	562.896	33.859	0.972075	25.0097482	29.1725373	35.42665	80248	2793447	2.130823686	0.633345	18.83843	25.2212	32.86869	0.086765	0.287323	0.06952	8626448	2719047	2889345	513671	13891437	1293755	176977	228999	137692	184008	592131	
U1482	33.52	565.539	27.81	0.981617	25.3321197	29.6595493	35.96084	50230	2682165	2.632894413	0.716877	23.89469	30.68725	39.81687	0.117258	0.190227	0.186937	2010428	677371	887789	196153	6866530	631187	179356	164075	79280	117185	372209	
U1482	33.59	569.239	28.384	0.97996	25.2690298	29.5658108	35.86675	44478	2174943	2.670077275	0.637661	19.32414	25.65377	32.91959	0.094308	0.250377	0.015547	3835154	1112210	1169764	220757	6926326	566800	113220	137733	64569	97258	308447	
U1482	33.67	573.467	33.174	0.982426	25.3758746	29.66175	36.00697	36840	2059386	2.130324142	0.658859	19.92147	26.73381	35.24814	0.087115	0.245449	0.02199	3524740	1074577	1206764	222406	7050736	646202	115764	149258	56931	85448	265436	
U1482	33.71	575.560	25.332	0.985441	25.4685127	29.8090209	36.11529	13666	924996	1.485789344	0.666515	21.08254	27.39504	35.35277	0.076727	0.237281	0.037948	2784912	849584	984628	167354	5887847	546026	70932	119365	36727	64853	197425	
U1482	33.78	579.122	27.067	0.991645	25.7058288	30.1975915	36.63456	8327	984574	1.467649021	0.674269	21.54344	27.90609	36.64541	0.086743	0.238824	0.008412	2098853	616271	737996	125358	4400593	432899	65695	102768	32158	54547	162571	
U1482	33.83	581.667	23.114	0.991383	25.6401674	30.0835246	36.55784	19665	2174954.5	1.931962468	0.685293	22.18974	28.45049	36.68843	0.057572	0.25262	0.005036	3611379	1233958	1553155	256968	8129075	876890	86169	110917	45521	68059	185927	
U1482	33.87	583.703	31.865	0.98698	25.5411122	29.9098171	36.27808	20962	1589014	1.79476903	0.682845	21.60645	28.22362	36.87233	0.073657	0.252398	0.01178	3779779	1251614	1551231	251901	8156534	891631	128423	162288	53805	79211	224832	
U1482	33.97	588.792	27.144	0.978997	25.2713915	29.4992814	35.81951	35774	1667511	2.405282162	0.657588	20.66771	26.6256	34.85979	0.068874	0.269867	0.051843	4007254	1260283	1474889	232029	7314427	713404	74792	144708	48215	78707	194618	
U1482	34.01	590.828	30.492	0.976646	25.2363058	29.4568029	35.77096	34742	1452864	1.794924421	0.660289	20.29724	26.94185	34.89497	0.072691	0.264432	0.029281	3895972	1244569	1447335	234284	7402328	737418	93157	146965	56531	79383	204226	
U1482	34.07	593.881	28.554	0.974053	25.0616426	29.2738876	35.59236	28750	1079290	1.331987941	0.666591	20.92858	27.29868	36.38535	0.080467	0.240897	0.011527	2909611	871904	1021923	166201	5936382	555089	100424	122411	46202	71379	179069	
U1482	34.12	596.426	27.468	0.975727	25.2169538	29.4027671	35.68956	33508	1346964	1.814453659	0.677976	21.44428	27.97308	36.53412	0.072091	0.245426	0.019864	3119265	947071	1165352	193093	6452926	635483	85263	123710	49483	65619	177268	
U1482	34.19	599.988	28.324	0.977491	25.1593479	29.4160048	35.74137	27116	1177554	1.32790626	0.685397	21.97504	28.69746	37.42364	0.056286	0.234606	0.048721	3193163	1042641	1296465	212978	7564042	762064	74213	109051	37700	63137	167043	
U1482	34.27	604.060	30.564	0.982942	25.3267036	29.6994203	36.09262	15272	880028	1.124511764	0.705969	23.10878	29.77827	38.72759	0.083644	0.239777	0.032701	2184184	700899	937249	155418	5096375	590190	82232	114893	39073	60038	168958	
U1482	34.31	606.096	30.685	0.985758	25.5450313	29.8468314	36.28422	8596	594990	0.811578594	0.715082	23.50096	30.41271	39.02427	0.090984	0.236159	0.038038	1891676	611419	838157	139840	4584331	556532	69277	108626	44604	65059	171282	
U1482	34.37	609.149	31.785	0.987173	25.5038905	29.8705581	36.27857	15494	1183654.5	1.04475771	0.718899	23.42908	30.6551	39.85543	0.075879	0.244146	0.048184	2596094	875700	1245580	203980	6408822	789991	85848	117179	45046	72150	205998	
U1482	34.42	611.694	28.646	0.991423	25.6170282	30.0917065	36.52807	9261	1129230.5	0.893918153	0.727987	24.53418	31.18011	38.97383	0.084193	0.226367	0.022119	1823564	614486	882683	151539	5218960	604170	77438	109070	41501	61514	178364	
U1482	34.49	615.256	30.596	0.99299	25.7370747	30.1836331	36.6327	7310	1028819	0.995633183	0.728612	24.55226	31.04241	40.19326	0.079124	0.234661	0.011747	2470447	882926	1272894	214750	6643569	846534	96524	137630	54464	79346	213668	
U1482	34.57	619.328	35.165	0.988234	25.5304776	29.950065	36.49622	14626	1228409	1.150776832	0.70678	23.45292	29.87692	38.45951	0.082679	0.246607	0.041843	3425441	1126061	1554633	241254	8008247	918385	123266	169740	57230	93540	278013	
U1482	34.61	621.363	31.293	0.988245	25.5402506	29.9071907	36.27676	13274	1115940	1.09895221	0.68002	21.70173	28.04959	36.24636	0.08642	0.258971	0.065944	3670206	1140606	1431175	225395	7236510	767440	96407	166648	60927	94644	265915	
U1482	34.67	624.417	26.941	0.979046	25.2400426	29.5313585	35.79424	19680	919509	1.2595914	0.674852	21.06678	27.61935	36.44565	0.085117	0.242403	0.021564	3407465	1011310	1218987	187749	6660614	640804	88276	153625	58349	82601	242364	
U1482	34.73	627.471	28.493	0.984643	25.4669363	29.8232109	36.21773	20142	1291484	1.524502621	0.675981	21.49283	27.95469	36.33514	0.081449	0.260647	0.073127	3525476	1075592	1321817	225010	6741640	697117	72835	138751	54001	83504	248698	
U1482	34.79	630.524	28.759	0.975124	25.1176925	29.3487482	35.59835	36988	1449879	1.827947235	0.64657	19.62108	26.06944	33.90764	0.090897	0.266003	0.042392	3767719	1135842	1270098	205489	6603522	602335	82536	156912	61368	99516	259920	
U1482	34.87	640.000	36.822	0.975724	25.1050226	29.3321543	35.70803	42154	1694290	1.678045821	0.652008	20.0323	26.44029	34.6433	0.0847	0.252626	0.018171	3661945	1072707	1204390	203987	6738621	601480	91002	147974	61433	89280	233887	
